31,3,0
31,6,0
32,9,0
31,13,0
29,16,0
28,18,0
26,21,0
24,24,0
22,27,0
19,29,0
16,30,0
13,32,0
9,32,0
6,33,0
3,33,0
0,34,0
-3,33,0
-6,34,0
-10,33,0
-13,32,0
-16,30,0
-19,29,0
-22,27,0
-24,24,0
-27,22,0
-29,19,0
-30,16,0
-28,11,0
-29,8,0
-30,6,0
-30,3,0
-31,0,0
-26,-2,0
-26,-5,0
-25,-7,0
-24,-10,0
-23,-12,0
-22,-15,0
-20,-17,0
-19,-19,0
-17,-20,0
-15,-22,0
-11,-22,0
-9,-23,0
-7,-23,0
-4,-24,0
-2,-24,0
0,-23,0
2,-22,0
4,-22,0
6,-22,0
8,-21,0
12,-22,0
14,-21,0
16,-20,0
18,-18,0
20,-16,0
22,-15,0
23,-12,0
24,-10,0
25,-7,0
26,-5,0
27,-2,0
28,0,0
28,2,3
28,5,3
27,8,3
26,11,3
25,13,3
29,20,3
27,22,3
25,25,3
22,27,3
20,29,3
17,32,3
14,34,3
10,35,3
7,36,3
3,36,3
0,35,3
-3,34,3
-6,34,3
-10,33,3
-13,32,3
-19,36,3
-22,34,3
-26,31,3
-28,28,3
-31,26,3
-29,19,3
-30,16,3
-32,13,3
-33,10,3
-34,6,3
-31,3,3
-32,0,3
-31,-3,3
-31,-6,3
-30,-9,3
-27,-11,3
-26,-14,3
-24,-16,3
-23,-19,3
-21,-21,3
-18,-22,3
-16,-24,3
-13,-25,3
-11,-26,3
-8,-27,3
-5,-25,3
-2,-25,3
0,-26,3
2,-25,3
5,-25,3
7,-24,3
9,-24,3
12,-22,3
14,-21,3
16,-20,3
19,-19,3
21,-17,3
23,-15,3
24,-13,3
25,-10,3
27,-8,3
28,-5,3
28,-2,3
29,0,3
30,3,6
30,6,6
29,8,6
28,11,6
27,14,6
29,20,6
27,22,6
25,25,6
22,27,6
20,29,6
17,33,6
14,35,6
11,36,6
7,37,6
3,37,6
0,38,6
-3,37,6
-7,37,6
-11,36,6
-14,35,6
-21,39,6
-25,37,6
-28,34,6
-31,31,6
-34,28,6
-30,20,6
-32,17,6
-34,14,6
-35,10,6
-36,7,6
-34,3,6
-35,0,6
-34,-3,6
-34,-6,6
-33,-10,6
-29,-12,6
-28,-15,6
-26,-17,6
-24,-20,6
-22,-22,6
-19,-23,6
-16,-24,6
-14,-26,6
-11,-27,6
-8,-28,6
-5,-27,6
-2,-27,6
0,-28,6
2,-27,6
5,-27,6
8,-26,6
10,-25,6
13,-24,6
15,-23,6
17,-21,6
20,-20,6
22,-18,6
24,-16,6
25,-13,6
26,-11,6
29,-8,6
30,-6,6
30,-3,6
31,0,6
33,3,9
33,6,9
32,9,9
31,13,9
29,16,9
32,21,9
30,24,9
27,27,9
24,30,9
21,32,9
18,35,9
15,36,9
11,38,9
7,39,9
3,39,9
0,39,9
-3,38,9
-7,38,9
-11,37,9
-14,36,9
-23,43,9
-27,40,9
-31,37,9
-34,34,9
-37,31,9
-32,21,9
-34,18,9
-36,14,9
-37,11,9
-38,7,9
-35,3,9
-36,0,9
-35,-3,9
-35,-7,9
-34,-10,9
-31,-13,9
-29,-16,9
-28,-18,9
-26,-21,9
-24,-24,9
-20,-24,9
-17,-26,9
-15,-28,9
-12,-29,9
-9,-30,9
-6,-30,9
-3,-30,9
0,-31,9
3,-30,9
6,-30,9
8,-29,9
11,-28,9
14,-27,9
17,-25,9
19,-23,9
21,-21,9
23,-19,9
25,-17,9
27,-14,9
28,-11,9
31,-9,9
32,-6,9
32,-3,9
33,0,9
34,3,12
34,6,12
33,10,12
32,13,12
30,16,12
33,22,12
30,25,12
28,28,12
25,30,12
22,33,12
19,36,12
15,37,12
11,39,12
7,40,12
4,40,12
0,41,12
-4,40,12
-7,40,12
-11,39,12
-15,37,12
-24,44,12
-28,42,12
-32,39,12
-36,36,12
-39,32,12
-32,21,12
-34,18,12
-36,14,12
-37,11,12
-38,7,12
-36,3,12
-37,0,12
-36,-3,12
-36,-7,12
-35,-10,12
-33,-13,12
-31,-16,12
-29,-20,12
-27,-22,12
-25,-25,12
-21,-26,12
-18,-28,12
-16,-29,12
-13,-31,12
-9,-32,12
-6,-32,12
-3,-32,12
0,-33,12
3,-32,12
6,-32,12
9,-30,12
12,-29,12
15,-28,12
17,-26,12
20,-24,12
24,-24,12
26,-21,12
28,-18,12
29,-16,12
31,-13,12
32,-9,12
33,-6,12
33,-3,12
34,0,12
35,3,15
35,7,15
34,10,15
33,13,15
31,16,15
34,23,15
32,26,15
29,29,15
26,32,15
23,34,15
20,37,15
16,39,15
12,41,15
8,42,15
4,42,15
0,44,15
-4,43,15
-8,43,15
-12,42,15
-16,40,15
-25,47,15
-30,44,15
-34,41,15
-38,38,15
-41,34,15
-34,22,15
-36,19,15
-37,15,15
-39,11,15
-40,7,15
-39,3,15
-40,0,15
-39,-3,15
-39,-7,15
-38,-11,15
-35,-14,15
-33,-17,15
-31,-21,15
-29,-24,15
-26,-26,15
-22,-27,15
-20,-29,15
-16,-31,15
-13,-33,15
-10,-34,15
-6,-34,15
-3,-34,15
0,-35,15
3,-34,15
6,-34,15
10,-33,15
13,-32,15
16,-30,15
19,-29,15
22,-27,15
25,-25,15
27,-22,15
29,-20,15
31,-16,15
33,-13,15
35,-10,15
36,-7,15
36,-3,15
37,0,15
37,3,18
37,7,18
36,11,18
35,14,18
33,17,18
34,23,18
32,26,18
29,29,18
26,32,18
23,34,18
21,39,18
17,41,18
13,43,18
8,44,18
4,44,18
0,45,18
-4,44,18
-8,44,18
-13,43,18
-17,41,18
-25,48,18
-30,45,18
-34,42,18
-38,38,18
-42,34,18
-35,23,18
-37,20,18
-39,16,18
-41,12,18
-42,8,18
-41,4,18
-42,0,18
-41,-4,18
-41,-8,18
-40,-12,18
-36,-14,18
-34,-18,18
-32,-21,18
-30,-24,18
-27,-27,18
-24,-29,18
-21,-31,18
-17,-33,18
-14,-35,18
-11,-36,18
-7,-36,18
-3,-36,18
0,-37,18
3,-36,18
7,-36,18
10,-34,18
13,-33,18
16,-31,18
20,-29,18
22,-27,18
25,-25,18
27,-22,18
29,-20,18
31,-16,18
33,-13,18
37,-11,18
38,-7,18
38,-3,18
39,0,18
40,4,21
40,7,21
39,11,21
37,15,21
36,19,21
37,25,21
34,28,21
31,31,21
28,34,21
25,37,21
22,41,21
17,43,21
13,44,21
9,46,21
4,46,21
0,47,21
-4,46,21
-9,46,21
-13,44,21
-17,43,21
-27,51,21
-32,48,21
-36,44,21
-41,41,21
-44,36,21
-37,25,21
-39,21,21
-41,17,21
-43,13,21
-44,8,21
-42,4,21
-43,0,21
-42,-4,21
-42,-8,21
-41,-12,21
-37,-15,21
-36,-19,21
-34,-22,21
-31,-26,21
-28,-28,21
-24,-30,21
-21,-32,21
-18,-34,21
-14,-36,21
-11,-37,21
-7,-37,21
-3,-37,21
0,-38,21
3,-37,21
7,-37,21
10,-35,21
14,-34,21
17,-32,21
20,-30,21
23,-28,21
26,-26,21
28,-23,21
30,-20,21
32,-17,21
34,-14,21
37,-11,21
38,-7,21
38,-3,21
39,0,21
41,4,24
41,8,24
40,12,24
38,16,24
37,19,24
39,26,24
36,29,24
33,33,24
29,36,24
26,39,24
21,40,24
17,42,24
13,44,24
8,45,24
4,45,24
0,48,24
-4,47,24
-9,47,24
-13,45,24
-18,44,24
-27,52,24
-32,49,24
-37,45,24
-41,41,24
-45,37,24
-39,26,24
-41,22,24
-43,17,24
-44,13,24
-46,9,24
-43,4,24
-44,0,24
-43,-4,24
-43,-8,24
-42,-12,24
-37,-15,24
-36,-19,24
-34,-22,24
-31,-26,24
-28,-28,24
-25,-30,24
-22,-33,24
-18,-35,24
-15,-36,24
-11,-38,24
-7,-37,24
-3,-37,24
0,-38,24
3,-37,24
7,-37,24
11,-36,24
14,-35,24
17,-33,24
21,-31,24
24,-29,24
26,-26,24
29,-24,24
31,-21,24
33,-17,24
35,-14,24
38,-11,24
39,-7,24
39,-3,24
40,0,24
43,4,27
43,8,27
42,12,27
40,16,27
38,20,27
39,26,27
36,29,27
33,33,27
29,36,27
26,39,27
22,42,27
18,44,27
13,45,27
9,47,27
4,47,27
0,47,27
-4,46,27
-9,46,27
-13,44,27
-17,43,27
-28,52,27
-33,49,27
-38,46,27
-42,42,27
-46,38,27
-40,27,27
-43,23,27
-45,18,27
-46,14,27
-48,9,27
-46,4,27
-47,0,27
-46,-4,27
-46,-9,27
-44,-13,27
-39,-16,27
-37,-20,27
-35,-23,27
-33,-27,27
-30,-30,27
-26,-32,27
-23,-34,27
-19,-37,27
-16,-38,27
-12,-40,27
-7,-39,27
-3,-39,27
0,-40,27
3,-39,27
7,-39,27
11,-36,27
14,-35,27
17,-33,27
21,-31,27
24,-29,27
28,-28,27
30,-25,27
33,-22,27
35,-18,27
36,-15,27
40,-12,27
41,-8,27
41,-4,27
42,0,27
42,4,30
42,8,30
41,12,30
39,16,30
37,20,30
39,26,30
37,30,30
33,33,30
30,37,30
26,39,30
23,44,30
19,46,30
14,47,30
9,49,30
4,49,30
0,50,30
-4,49,30
-9,49,30
-14,47,30
-19,46,30
-28,52,30
-33,49,30
-38,46,30
-42,42,30
-46,38,30
-39,26,30
-42,22,30
-44,18,30
-45,13,30
-47,9,30
-44,4,30
-45,0,30
-44,-4,30
-44,-8,30
-43,-13,30
-38,-16,30
-37,-19,30
-34,-23,30
-32,-26,30
-29,-29,30
-27,-33,30
-23,-35,30
-20,-37,30
-16,-39,30
-12,-41,30
-7,-39,30
-3,-39,30
0,-40,30
3,-39,30
7,-39,30
11,-36,30
14,-35,30
17,-33,30
21,-31,30
24,-29,30
27,-27,30
30,-24,30
32,-21,30
34,-18,30
36,-14,30
39,-11,30
40,-7,30
40,-4,30
41,0,30
43,4,33
43,8,33
42,12,33
40,16,33
38,20,33
39,26,33
37,30,33
33,33,33
30,37,33
26,39,33
22,42,33
18,44,33
13,45,33
9,47,33
4,47,33
0,50,33
-4,49,33
-9,49,33
-14,47,33
-19,46,33
-28,53,33
-33,50,33
-38,47,33
-43,43,33
-47,38,33
-40,27,33
-43,23,33
-45,18,33
-46,14,33
-48,9,33
-46,4,33
-47,0,33
-46,-4,33
-46,-9,33
-44,-13,33
-41,-17,33
-39,-21,33
-37,-25,33
-34,-28,33
-31,-31,33
-26,-32,33
-23,-34,33
-19,-37,33
-16,-38,33
-12,-40,33
-7,-39,33
-3,-39,33
0,-40,33
3,-39,33
7,-39,33
11,-37,33
14,-36,33
18,-34,33
21,-32,33
24,-30,33
28,-28,33
30,-25,33
33,-22,33
35,-18,33
36,-15,33
41,-12,33
42,-8,33
42,-4,33
43,0,33
43,4,36
43,8,36
42,12,36
40,16,36
38,20,36
40,27,36
37,31,36
34,34,36
31,37,36
27,40,36
23,43,36
18,45,36
14,46,36
9,48,36
4,48,36
0,51,36
-4,50,36
-9,50,36
-14,48,36
-19,47,36
-28,52,36
-33,49,36
-38,46,36
-42,42,36
-46,38,36
-40,27,36
-43,23,36
-45,18,36
-46,14,36
-48,9,36
-47,4,36
-48,0,36
-47,-4,36
-47,-9,36
-45,-13,36
-41,-17,36
-39,-21,36
-37,-25,36
-34,-28,36
-31,-31,36
-27,-33,36
-23,-35,36
-20,-37,36
-16,-39,36
-12,-41,36
-8,-41,36
-4,-41,36
0,-42,36
4,-41,36
8,-41,36
11,-37,36
14,-36,36
18,-34,36
21,-32,36
24,-30,36
29,-29,36
32,-26,36
34,-23,36
37,-19,36
38,-16,36
41,-12,36
42,-8,36
42,-4,36
43,0,36
45,4,39
45,8,39
44,13,39
42,17,39
40,21,39
40,27,39
37,31,39
34,34,39
31,37,39
27,40,39
23,44,39
19,46,39
14,47,39
9,49,39
4,49,39
0,51,39
-4,50,39
-9,50,39
-14,48,39
-19,47,39
-27,52,39
-32,49,39
-37,45,39
-41,41,39
-45,37,39
-42,28,39
-44,24,39
-47,19,39
-48,14,39
-50,9,39
-50,4,39
-51,0,39
-50,-4,39
-50,-9,39
-48,-14,39
-45,-18,39
-43,-23,39
-40,-27,39
-37,-31,39
-34,-34,39
-27,-34,39
-24,-36,39
-20,-38,39
-16,-40,39
-12,-42,39
-7,-40,39
-4,-40,39
0,-41,39
4,-40,39
7,-40,39
11,-38,39
15,-36,39
18,-35,39
22,-33,39
25,-30,39
29,-29,39
32,-26,39
34,-23,39
37,-19,39
38,-16,39
42,-12,39
43,-8,39
43,-4,39
44,0,39
46,4,42
46,9,42
44,13,42
43,17,42
41,22,42
41,27,42
38,31,42
35,35,42
31,38,42
27,41,42
24,46,42
20,48,42
15,50,42
10,51,42
5,52,42
0,53,42
-5,52,42
-10,51,42
-15,50,42
-20,48,42
-27,52,42
-32,49,42
-37,45,42
-41,41,42
-45,37,42
-43,28,42
-45,24,42
-48,19,42
-49,15,42
-51,10,42
-49,4,42
-50,0,42
-49,-4,42
-49,-9,42
-47,-14,42
-45,-18,42
-43,-23,42
-40,-27,42
-37,-31,42
-34,-34,42
-28,-34,42
-25,-37,42
-21,-39,42
-17,-41,42
-13,-43,42
-8,-42,42
-4,-42,42
0,-43,42
4,-42,42
8,-42,42
12,-41,42
16,-39,42
20,-37,42
23,-35,42
27,-33,42
29,-29,42
32,-26,42
34,-23,42
37,-19,42
38,-16,42
43,-13,42
44,-8,42
44,-4,42
45,0,42
45,4,45
45,8,45
44,13,45
42,17,45
40,21,45
43,28,45
40,32,45
36,36,45
32,40,45
28,43,45
24,46,45
20,48,45
15,50,45
10,51,45
5,52,45
0,54,45
-5,53,45
-10,52,45
-15,51,45
-20,49,45
-26,49,45
-31,46,45
-35,43,45
-39,39,45
-43,35,45
-44,29,45
-46,24,45
-48,20,45
-50,15,45
-51,10,45
-52,5,45
-53,0,45
-52,-5,45
-51,-10,45
-50,-15,45
-46,-19,45
-44,-23,45
-41,-27,45
-38,-31,45
-35,-35,45
-29,-36,45
-26,-39,45
-22,-41,45
-17,-43,45
-13,-44,45
-8,-43,45
-4,-43,45
0,-44,45
4,-43,45
8,-43,45
12,-41,45
16,-39,45
20,-37,45
23,-35,45
27,-33,45
31,-31,45
34,-27,45
36,-24,45
38,-20,45
40,-16,45
44,-13,45
45,-8,45
45,-4,45
46,0,45
46,4,48
46,9,48
44,13,48
43,17,48
41,22,48
44,30,48
41,34,48
38,38,48
34,41,48
30,44,48
25,47,48
20,49,48
15,51,48
10,52,48
5,53,48
0,55,48
-5,54,48
-10,53,48
-15,52,48
-21,50,48
-26,50,48
-31,47,48
-36,44,48
-40,40,48
-44,36,48
-44,29,48
-46,24,48
-48,20,48
-50,15,48
-51,10,48
-52,5,48
-53,0,48
-52,-5,48
-51,-10,48
-50,-15,48
-45,-18,48
-43,-23,48
-40,-27,48
-37,-31,48
-34,-34,48
-30,-37,48
-26,-39,48
-22,-42,48
-18,-44,48
-13,-45,48
-8,-42,48
-4,-42,48
0,-43,48
4,-42,48
8,-42,48
12,-42,48
16,-40,48
20,-38,48
24,-36,48
27,-34,48
31,-31,48
34,-28,48
37,-25,48
39,-21,48
41,-17,48
45,-13,48
47,-9,48
47,-4,48
48,0,48
48,4,51
48,9,51
46,14,51
45,18,51
43,23,51
44,29,51
40,33,51
37,37,51
33,40,51
29,44,51
24,46,51
20,48,51
15,50,51
10,51,51
5,52,51
0,52,51
-5,51,51
-10,51,51
-15,49,51
-19,48,51
-27,51,51
-32,48,51
-36,44,51
-41,41,51
-44,36,51
-45,30,51
-48,25,51
-50,21,51
-52,15,51
-53,10,51
-50,4,51
-51,0,51
-50,-4,51
-50,-9,51
-48,-14,51
-43,-17,51
-41,-22,51
-39,-26,51
-36,-29,51
-33,-33,51
-28,-34,51
-25,-37,51
-21,-39,51
-17,-41,51
-13,-43,51
-8,-41,51
-4,-41,51
0,-42,51
4,-41,51
8,-41,51
12,-41,51
16,-39,51
20,-37,51
23,-35,51
27,-33,51
31,-31,51
34,-27,51
36,-24,51
38,-20,51
40,-16,51
43,-13,51
44,-8,51
44,-4,51
45,0,51
48,4,54
48,9,54
46,14,54
45,18,54
43,23,54
41,27,54
38,31,54
35,35,54
31,38,54
27,41,54
24,44,54
19,47,54
14,48,54
9,50,54
4,50,54
0,53,54
-5,52,54
-10,51,54
-15,50,54
-20,48,54
-24,44,54
-28,42,54
-32,39,54
-36,36,54
-39,32,54
-40,27,54
-43,23,54
-45,18,54
-46,14,54
-48,9,54
-47,4,54
-48,0,54
-47,-4,54
-47,-9,54
-45,-13,54
-42,-17,54
-40,-21,54
-38,-25,54
-35,-29,54
-32,-32,54
-25,-30,54
-22,-33,54
-18,-35,54
-15,-36,54
-11,-38,54
-7,-39,54
-3,-39,54
0,-40,54
3,-39,54
7,-39,54
11,-38,54
15,-36,54
18,-35,54
22,-33,54
25,-30,54
28,-28,54
31,-26,54
34,-22,54
36,-19,54
37,-15,54
42,-12,54
43,-8,54
43,-4,54
44,0,54
46,4,57
46,9,57
44,13,57
43,17,57
41,22,57
41,27,57
38,31,57
35,35,57
31,38,57
27,41,57
23,44,57
19,46,57
14,47,57
9,49,57
4,49,57
0,47,57
-4,46,57
-9,46,57
-13,44,57
-17,43,57
-22,41,57
-26,39,57
-29,36,57
-33,33,57
-36,29,57
-36,24,57
-38,20,57
-40,16,57
-42,12,57
-43,8,57
-41,4,57
-42,0,57
-41,-4,57
-41,-8,57
-40,-12,57
-36,-14,57
-34,-18,57
-32,-21,57
-30,-24,57
-27,-27,57
-22,-27,57
-20,-29,57
-16,-31,57
-13,-33,57
-10,-34,57
-6,-34,57
-3,-34,57
0,-35,57
3,-34,57
6,-34,57
9,-32,57
13,-31,57
16,-29,57
18,-28,57
21,-26,57
28,-28,57
31,-26,57
34,-22,57
36,-19,57
37,-15,57
39,-11,57
40,-7,57
40,-4,57
41,0,57
