17,1,0
17,3,0
17,5,0
16,6,0
15,8,0
14,10,0
13,11,0
12,12,0
11,13,0
10,14,0
8,15,0
6,16,0
5,17,0
3,17,0
1,17,0
0,20,0
-1,19,0
-3,19,0
-5,19,0
-7,18,0
-9,18,0
-11,17,0
-13,16,0
-14,14,0
-16,13,0
-19,12,0
-20,10,0
-21,8,0
-22,6,0
-22,4,0
-23,2,0
-24,0,0
-23,-2,0
-23,-4,0
-22,-6,0
-23,-9,0
-22,-11,0
-20,-13,0
-19,-15,0
-17,-17,0
-15,-19,0
-13,-20,0
-11,-22,0
-9,-23,0
-7,-23,0
-4,-22,0
-2,-22,0
0,-23,0
2,-22,0
4,-22,0
5,-19,0
7,-18,0
9,-17,0
11,-16,0
12,-15,0
14,-14,0
15,-12,0
16,-11,0
17,-9,0
18,-7,0
17,-5,0
17,-3,0
17,-1,0
18,0,0
15,1,3
15,3,3
15,4,3
14,6,3
14,7,3
14,9,3
13,10,3
12,12,3
10,13,3
9,14,3
8,15,3
6,16,3
5,17,3
3,17,3
1,17,3
0,19,3
-1,18,3
-3,18,3
-5,18,3
-7,17,3
-9,18,3
-11,17,3
-13,16,3
-14,14,3
-16,13,3
-19,13,3
-21,11,3
-22,9,3
-22,6,3
-23,4,3
-23,2,3
-24,0,3
-23,-2,3
-23,-4,3
-22,-6,3
-24,-9,3
-22,-12,3
-21,-14,3
-20,-16,3
-18,-18,3
-16,-20,3
-14,-21,3
-12,-22,3
-9,-24,3
-7,-24,3
-4,-23,3
-2,-23,3
0,-24,3
2,-23,3
4,-23,3
6,-20,3
8,-19,3
9,-18,3
11,-17,3
13,-16,3
13,-13,3
14,-12,3
15,-10,3
16,-8,3
17,-7,3
17,-5,3
17,-3,3
17,-1,3
18,0,3
15,1,6
15,3,6
15,4,6
14,6,6
14,7,6
13,8,6
12,10,6
11,11,6
10,12,6
8,13,6
8,15,6
6,16,6
5,17,6
3,17,6
1,17,6
0,19,6
-1,18,6
-3,18,6
-5,18,6
-7,17,6
-9,18,6
-11,17,6
-13,16,6
-14,14,6
-16,13,6
-19,12,6
-20,10,6
-21,8,6
-22,6,6
-22,4,6
-23,2,6
-24,0,6
-23,-2,6
-23,-4,6
-22,-6,6
-24,-9,6
-22,-12,6
-21,-14,6
-20,-16,6
-18,-18,6
-16,-20,6
-14,-21,6
-12,-22,6
-9,-24,6
-7,-24,6
-4,-22,6
-2,-22,6
0,-23,6
2,-22,6
4,-22,6
6,-20,6
8,-19,6
9,-18,6
11,-17,6
13,-16,6
12,-12,6
13,-11,6
14,-10,6
15,-8,6
16,-6,6
15,-4,6
15,-3,6
15,-1,6
16,0,6
15,1,9
15,3,9
15,4,9
14,6,9
14,7,9
12,8,9
11,9,9
10,10,9
9,11,9
8,12,9
7,13,9
5,13,9
4,14,9
2,14,9
1,14,9
0,18,9
-1,17,9
-3,17,9
-5,17,9
-6,16,9
-9,17,9
-11,16,9
-12,15,9
-14,14,9
-15,12,9
-17,11,9
-18,9,9
-19,8,9
-20,6,9
-20,4,9
-22,2,9
-23,0,9
-22,-2,9
-22,-4,9
-22,-6,9
-22,-9,9
-21,-11,9
-19,-13,9
-18,-15,9
-16,-16,9
-15,-18,9
-13,-19,9
-11,-21,9
-9,-22,9
-6,-22,9
-4,-21,9
-2,-21,9
0,-22,9
2,-21,9
4,-21,9
5,-18,9
7,-17,9
8,-16,9
10,-15,9
12,-14,9
11,-11,9
12,-10,9
13,-8,9
14,-7,9
14,-6,9
15,-4,9
15,-3,9
15,-1,9
16,0,9
13,1,12
13,2,12
13,4,12
12,5,12
12,6,12
12,8,12
11,9,12
10,10,12
9,11,12
8,12,12
7,14,12
6,14,12
4,15,12
3,15,12
1,15,12
0,18,12
-1,17,12
-3,17,12
-5,17,12
-6,16,12
-9,17,12
-11,16,12
-12,15,12
-14,14,12
-15,12,12
-17,11,12
-18,9,12
-19,8,12
-20,6,12
-20,4,12
-22,2,12
-23,0,12
-22,-2,12
-22,-4,12
-22,-6,12
-22,-9,12
-21,-11,12
-19,-13,12
-18,-15,12
-16,-16,12
-14,-17,12
-12,-19,12
-10,-20,12
-8,-21,12
-6,-22,12
-4,-20,12
-2,-20,12
0,-21,12
2,-20,12
4,-20,12
5,-18,12
7,-17,12
8,-16,12
10,-15,12
12,-14,12
11,-11,12
12,-10,12
13,-8,12
14,-7,12
14,-6,12
14,-4,12
14,-2,12
14,-1,12
15,0,12
13,1,15
13,2,15
13,4,15
12,5,15
12,6,15
12,8,15
11,9,15
10,10,15
9,11,15
8,12,15
7,14,15
6,14,15
4,15,15
3,15,15
1,15,15
0,18,15
-1,17,15
-3,17,15
-5,17,15
-6,16,15
-9,17,15
-11,16,15
-12,15,15
-14,14,15
-15,12,15
-17,11,15
-18,9,15
-19,8,15
-20,6,15
-20,4,15
-22,2,15
-23,0,15
-22,-2,15
-22,-4,15
-22,-6,15
-22,-9,15
-21,-11,15
-19,-13,15
-18,-15,15
-16,-16,15
-14,-17,15
-12,-19,15
-10,-20,15
-8,-21,15
-6,-22,15
-4,-21,15
-2,-21,15
0,-22,15
2,-21,15
4,-21,15
5,-18,15
7,-17,15
8,-16,15
10,-15,15
12,-14,15
11,-11,15
12,-10,15
13,-8,15
14,-7,15
14,-6,15
14,-4,15
14,-2,15
14,-1,15
15,0,15
13,1,18
13,2,18
13,4,18
12,5,18
12,6,18
13,8,18
12,10,18
11,11,18
10,12,18
8,13,18
7,14,18
6,14,18
4,15,18
3,15,18
1,15,18
0,18,18
-1,17,18
-3,17,18
-5,17,18
-6,16,18
-9,17,18
-11,16,18
-12,15,18
-14,14,18
-15,12,18
-18,12,18
-19,10,18
-20,8,18
-21,6,18
-21,4,18
-22,2,18
-23,0,18
-22,-2,18
-22,-4,18
-22,-6,18
-21,-8,18
-20,-10,18
-19,-12,18
-17,-14,18
-16,-16,18
-14,-17,18
-12,-19,18
-10,-20,18
-8,-21,18
-6,-22,18
-4,-20,18
-2,-20,18
0,-21,18
2,-20,18
4,-20,18
5,-18,18
7,-17,18
8,-16,18
10,-15,18
12,-14,18
12,-12,18
13,-10,18
14,-9,18
14,-8,18
15,-6,18
14,-4,18
14,-2,18
14,-1,18
15,0,18
13,1,21
13,2,21
13,4,21
12,5,21
12,6,21
12,8,21
11,9,21
10,10,21
9,11,21
8,12,21
8,14,21
6,15,21
4,16,21
3,16,21
1,16,21
0,18,21
-1,17,21
-3,17,21
-5,17,21
-6,16,21
-9,17,21
-11,16,21
-12,15,21
-14,14,21
-15,12,21
-17,11,21
-18,9,21
-19,8,21
-20,6,21
-20,4,21
-22,2,21
-23,0,21
-22,-2,21
-22,-4,21
-22,-6,21
-21,-8,21
-20,-10,21
-19,-12,21
-17,-14,21
-16,-16,21
-14,-17,21
-12,-19,21
-10,-20,21
-8,-21,21
-6,-22,21
-4,-20,21
-2,-20,21
0,-21,21
2,-20,21
4,-20,21
5,-18,21
7,-17,21
8,-16,21
10,-15,21
12,-14,21
12,-12,21
13,-10,21
14,-9,21
14,-8,21
15,-6,21
14,-4,21
14,-2,21
14,-1,21
15,0,21
13,1,24
13,2,24
13,4,24
12,5,24
12,6,24
13,8,24
12,10,24
11,11,24
10,12,24
8,13,24
8,14,24
6,15,24
4,16,24
3,16,24
1,16,24
0,19,24
-1,18,24
-3,18,24
-5,18,24
-7,17,24
-9,18,24
-11,17,24
-13,16,24
-14,14,24
-16,13,24
-18,12,24
-19,10,24
-20,8,24
-21,6,24
-21,4,24
-22,2,24
-23,0,24
-22,-2,24
-22,-4,24
-22,-6,24
-22,-9,24
-21,-11,24
-19,-13,24
-18,-15,24
-16,-16,24
-14,-17,24
-12,-19,24
-10,-20,24
-8,-21,24
-6,-22,24
-4,-20,24
-2,-20,24
0,-21,24
2,-20,24
4,-20,24
5,-19,24
7,-18,24
9,-17,24
11,-16,24
12,-15,24
12,-12,24
13,-10,24
14,-9,24
14,-8,24
15,-6,24
15,-4,24
15,-3,24
15,-1,24
16,0,24
14,1,27
14,2,27
14,4,27
13,5,27
13,7,27
13,8,27
12,10,27
11,11,27
10,12,27
8,13,27
8,14,27
6,15,27
4,16,27
3,16,27
1,16,27
0,18,27
-1,17,27
-3,17,27
-5,17,27
-6,16,27
-9,18,27
-11,17,27
-13,16,27
-14,14,27
-16,13,27
-18,12,27
-19,10,27
-20,8,27
-21,6,27
-21,4,27
-22,2,27
-23,0,27
-22,-2,27
-22,-4,27
-22,-6,27
-22,-9,27
-21,-11,27
-19,-13,27
-18,-15,27
-16,-16,27
-14,-17,27
-12,-19,27
-10,-20,27
-8,-21,27
-6,-22,27
-4,-20,27
-2,-20,27
0,-21,27
2,-20,27
4,-20,27
5,-19,27
7,-18,27
9,-17,27
11,-16,27
12,-15,27
12,-12,27
13,-10,27
14,-9,27
14,-8,27
15,-6,27
15,-4,27
15,-3,27
15,-1,27
16,0,27
14,1,30
14,2,30
14,4,30
13,5,30
13,7,30
13,8,30
12,10,30
11,11,30
10,12,30
8,13,30
8,14,30
6,15,30
4,16,30
3,16,30
1,16,30
0,19,30
-1,18,30
-3,18,30
-5,18,30
-7,17,30
-9,17,30
-11,16,30
-12,15,30
-14,14,30
-15,12,30
-18,12,30
-19,10,30
-20,8,30
-21,6,30
-21,4,30
-23,2,30
-24,0,30
-23,-2,30
-23,-4,30
-22,-6,30
-22,-9,30
-21,-11,30
-19,-13,30
-18,-15,30
-16,-16,30
-15,-18,30
-13,-19,30
-11,-21,30
-9,-22,30
-6,-22,30
-4,-21,30
-2,-21,30
0,-22,30
2,-21,30
4,-21,30
5,-18,30
7,-17,30
8,-16,30
10,-15,30
12,-14,30
12,-12,30
13,-10,30
14,-9,30
14,-8,30
15,-6,30
15,-4,30
15,-3,30
15,-1,30
16,0,30
14,1,33
14,2,33
14,4,33
13,5,33
13,7,33
13,8,33
12,10,33
11,11,33
10,12,33
8,13,33
8,14,33
6,15,33
4,16,33
3,16,33
1,16,33
0,20,33
-1,19,33
-3,19,33
-5,19,33
-7,18,33
-9,17,33
-11,16,33
-12,15,33
-14,14,33
-15,12,33
-18,12,33
-19,10,33
-20,8,33
-21,6,33
-21,4,33
-22,2,33
-23,0,33
-22,-2,33
-22,-4,33
-22,-6,33
-21,-8,33
-20,-10,33
-19,-12,33
-17,-14,33
-16,-16,33
-14,-17,33
-12,-19,33
-10,-20,33
-8,-21,33
-6,-22,33
-4,-21,33
-2,-21,33
0,-22,33
2,-21,33
4,-21,33
5,-19,33
7,-18,33
9,-17,33
11,-16,33
12,-15,33
12,-12,33
13,-11,33
14,-10,33
15,-8,33
16,-6,33
15,-4,33
15,-3,33
15,-1,33
16,0,33
15,1,36
15,3,36
15,4,36
14,6,36
14,7,36
13,8,36
12,10,36
11,11,36
10,12,36
8,13,36
8,14,36
6,15,36
4,16,36
3,16,36
1,16,36
0,19,36
-1,18,36
-3,18,36
-5,18,36
-7,17,36
-9,18,36
-11,17,36
-13,16,36
-14,14,36
-16,13,36
-18,12,36
-19,10,36
-20,8,36
-21,6,36
-21,4,36
-22,2,36
-23,0,36
-22,-2,36
-22,-4,36
-22,-6,36
-23,-9,36
-22,-11,36
-20,-13,36
-19,-15,36
-17,-17,36
-15,-18,36
-13,-19,36
-11,-21,36
-9,-22,36
-6,-22,36
-4,-21,36
-2,-21,36
0,-22,36
2,-21,36
4,-21,36
5,-19,36
7,-18,36
9,-17,36
11,-16,36
12,-15,36
12,-12,36
13,-10,36
14,-9,36
14,-8,36
15,-6,36
15,-4,36
15,-3,36
15,-1,36
16,0,36
15,1,39
15,3,39
15,4,39
14,6,39
14,7,39
14,9,39
13,10,39
12,12,39
10,13,39
9,14,39
8,15,39
6,16,39
5,17,39
3,17,39
1,17,39
0,19,39
-1,18,39
-3,18,39
-5,18,39
-7,17,39
-9,18,39
-11,17,39
-13,16,39
-14,14,39
-16,13,39
-18,12,39
-19,10,39
-20,8,39
-21,6,39
-21,4,39
-22,2,39
-23,0,39
-22,-2,39
-22,-4,39
-22,-6,39
-22,-9,39
-21,-11,39
-19,-13,39
-18,-15,39
-16,-16,39
-15,-18,39
-13,-19,39
-11,-21,39
-9,-22,39
-6,-22,39
-4,-21,39
-2,-21,39
0,-22,39
2,-21,39
4,-21,39
5,-19,39
7,-18,39
9,-17,39
11,-16,39
12,-15,39
12,-12,39
13,-11,39
14,-10,39
15,-8,39
16,-6,39
15,-4,39
15,-3,39
15,-1,39
16,0,39
14,1,42
14,2,42
14,4,42
13,5,42
13,7,42
14,9,42
13,10,42
12,12,42
10,13,42
9,14,42
8,14,42
6,15,42
4,16,42
3,16,42
1,16,42
0,20,42
-1,19,42
-3,19,42
-5,19,42
-7,18,42
-9,18,42
-11,17,42
-13,16,42
-14,14,42
-16,13,42
-17,11,42
-18,9,42
-19,8,42
-20,6,42
-20,4,42
-22,2,42
-23,0,42
-22,-2,42
-22,-4,42
-22,-6,42
-22,-9,42
-21,-11,42
-19,-13,42
-18,-15,42
-16,-16,42
-14,-17,42
-12,-19,42
-10,-20,42
-8,-21,42
-6,-22,42
-4,-21,42
-2,-21,42
0,-22,42
2,-21,42
4,-21,42
6,-20,42
8,-19,42
9,-18,42
11,-17,42
13,-16,42
12,-12,42
13,-11,42
14,-10,42
15,-8,42
16,-6,42
15,-4,42
15,-3,42
15,-1,42
16,0,42
14,1,45
14,2,45
14,4,45
13,5,45
13,7,45
13,8,45
12,10,45
11,11,45
10,12,45
8,13,45
8,14,45
6,15,45
4,16,45
3,16,45
1,16,45
0,20,45
-1,19,45
-3,19,45
-5,19,45
-7,18,45
-9,18,45
-11,17,45
-13,16,45
-14,14,45
-16,13,45
-18,12,45
-19,10,45
-20,8,45
-21,6,45
-21,4,45
-21,2,45
-22,0,45
-21,-2,45
-21,-4,45
-21,-6,45
-22,-9,45
-21,-11,45
-19,-13,45
-18,-15,45
-16,-16,45
-14,-17,45
-12,-19,45
-10,-20,45
-8,-21,45
-6,-22,45
-4,-21,45
-2,-21,45
0,-22,45
2,-21,45
4,-21,45
5,-19,45
7,-18,45
9,-17,45
11,-16,45
12,-15,45
12,-12,45
13,-11,45
14,-10,45
15,-8,45
16,-6,45
15,-4,45
15,-3,45
15,-1,45
16,0,45
15,1,48
15,3,48
15,4,48
14,6,48
14,7,48
13,8,48
12,10,48
11,11,48
10,12,48
8,13,48
8,15,48
6,16,48
5,17,48
3,17,48
1,17,48
0,19,48
-1,18,48
-3,18,48
-5,18,48
-7,17,48
-9,18,48
-11,17,48
-13,16,48
-14,14,48
-16,13,48
-18,12,48
-19,10,48
-20,8,48
-21,6,48
-21,4,48
-22,2,48
-23,0,48
-22,-2,48
-22,-4,48
-22,-6,48
-22,-9,48
-21,-11,48
-19,-13,48
-18,-15,48
-16,-16,48
-14,-17,48
-12,-19,48
-10,-20,48
-8,-21,48
-6,-22,48
-4,-21,48
-2,-21,48
0,-22,48
2,-21,48
4,-21,48
6,-20,48
8,-19,48
9,-18,48
11,-17,48
13,-16,48
12,-12,48
13,-11,48
14,-10,48
15,-8,48
16,-6,48
15,-4,48
15,-3,48
15,-1,48
16,0,48
15,1,51
15,3,51
15,4,51
14,6,51
14,7,51
14,9,51
13,10,51
12,12,51
10,13,51
9,14,51
8,15,51
6,16,51
5,17,51
3,17,51
1,17,51
0,19,51
-1,18,51
-3,18,51
-5,18,51
-7,17,51
-9,18,51
-11,17,51
-13,16,51
-14,14,51
-16,13,51
-18,12,51
-19,10,51
-20,8,51
-21,6,51
-21,4,51
-21,2,51
-22,0,51
-21,-2,51
-21,-4,51
-21,-6,51
-22,-9,51
-21,-11,51
-19,-13,51
-18,-15,51
-16,-16,51
-15,-18,51
-13,-19,51
-11,-21,51
-9,-22,51
-6,-22,51
-4,-20,51
-2,-20,51
0,-21,51
2,-20,51
4,-20,51
5,-19,51
7,-18,51
9,-17,51
11,-16,51
12,-15,51
12,-12,51
13,-11,51
14,-10,51
15,-8,51
16,-6,51
15,-4,51
15,-3,51
15,-1,51
16,0,51
15,1,54
15,3,54
15,4,54
14,6,54
14,7,54
14,9,54
13,10,54
12,12,54
10,13,54
9,14,54
8,15,54
6,16,54
5,17,54
3,17,54
1,17,54
0,19,54
-1,18,54
-3,18,54
-5,18,54
-7,17,54
-9,18,54
-11,17,54
-13,16,54
-14,14,54
-16,13,54
-18,12,54
-19,10,54
-20,8,54
-21,6,54
-21,4,54
-21,2,54
-22,0,54
-21,-2,54
-21,-4,54
-21,-6,54
-22,-9,54
-21,-11,54
-19,-13,54
-18,-15,54
-16,-16,54
-14,-17,54
-12,-19,54
-10,-20,54
-8,-21,54
-6,-22,54
-4,-22,54
-2,-22,54
0,-23,54
2,-22,54
4,-22,54
6,-20,54
8,-19,54
9,-18,54
11,-17,54
13,-16,54
12,-12,54
13,-11,54
14,-10,54
15,-8,54
16,-6,54
16,-4,54
16,-3,54
16,-1,54
17,0,54
15,1,57
15,3,57
15,4,57
14,6,57
14,7,57
14,9,57
13,10,57
12,12,57
10,13,57
9,14,57
8,15,57
6,16,57
5,17,57
3,17,57
1,17,57
0,20,57
-1,19,57
-3,19,57
-5,19,57
-7,18,57
-9,18,57
-11,17,57
-13,16,57
-14,14,57
-16,13,57
-18,12,57
-19,10,57
-20,8,57
-21,6,57
-21,4,57
-21,2,57
-22,0,57
-21,-2,57
-21,-4,57
-21,-6,57
-22,-9,57
-21,-11,57
-19,-13,57
-18,-15,57
-16,-16,57
-15,-18,57
-13,-19,57
-11,-21,57
-9,-22,57
-6,-22,57
-4,-21,57
-2,-21,57
0,-22,57
2,-21,57
4,-21,57
6,-20,57
8,-19,57
9,-18,57
11,-17,57
13,-16,57
12,-12,57
13,-11,57
14,-10,57
15,-8,57
16,-6,57
16,-4,57
16,-3,57
16,-1,57
17,0,57
15,1,60
15,3,60
15,4,60
14,6,60
14,7,60
14,9,60
13,10,60
12,12,60
10,13,60
9,14,60
8,15,60
6,16,60
5,17,60
3,17,60
1,17,60
0,20,60
-1,19,60
-3,19,60
-5,19,60
-7,18,60
-10,19,60
-12,18,60
-13,17,60
-15,15,60
-17,13,60
-17,11,60
-18,9,60
-19,8,60
-20,6,60
-20,4,60
-22,2,60
-23,0,60
-22,-2,60
-22,-4,60
-22,-6,60
-22,-9,60
-21,-11,60
-19,-13,60
-18,-15,60
-16,-16,60
-14,-17,60
-12,-19,60
-10,-20,60
-8,-21,60
-6,-22,60
-4,-21,60
-2,-21,60
0,-22,60
2,-21,60
4,-21,60
6,-20,60
8,-19,60
9,-18,60
11,-17,60
13,-16,60
12,-12,60
13,-11,60
14,-10,60
15,-8,60
16,-6,60
15,-4,60
15,-3,60
15,-1,60
16,0,60
15,1,63
15,3,63
15,4,63
14,6,63
14,7,63
14,9,63
13,10,63
12,12,63
10,13,63
9,14,63
8,15,63
6,16,63
5,17,63
3,17,63
1,17,63
0,20,63
-1,19,63
-3,19,63
-5,19,63
-7,18,63
-9,18,63
-11,17,63
-13,16,63
-14,14,63
-16,13,63
-18,12,63
-19,10,63
-20,8,63
-21,6,63
-21,4,63
-22,2,63
-23,0,63
-22,-2,63
-22,-4,63
-22,-6,63
-22,-9,63
-21,-11,63
-19,-13,63
-18,-15,63
-16,-16,63
-15,-18,63
-13,-19,63
-11,-21,63
-9,-22,63
-6,-22,63
-4,-21,63
-2,-21,63
0,-22,63
2,-21,63
4,-21,63
6,-20,63
8,-19,63
9,-18,63
11,-17,63
13,-16,63
14,-14,63
15,-12,63
16,-11,63
17,-9,63
18,-7,63
17,-5,63
17,-3,63
17,-1,63
18,0,63
